//line
9,4,1500.000000,1500.000000,100,1
0,0,0,2,0
1,1,0,2,0
2,2,0,2,0
3,3,0,2,0
4,4,0,2,0
-1,-1,0,2,0
-2,-2,0,2,0
-3,-3,0,2,0
-4,-4,0,2,0
-10,0
10,0
0,-10
0,10


// triangle
4,4,1500.000000,1500.000000,50,1
0,0,0,9,3
8,-4,3,2,10
-8,-4,3,2,10
0,8,3,2,10
-20,0
20,0
0,-20
0,10


// Rectangle
11,4,1500.000000,1500.000000,100,1
0,0,0,8,0
2,0,1,8,3
3,-2,2,2,6
3,2,2,2,6
4,-2,2,2,10
4,2,2,2,10
-2,0,1,8,3
-3,2,2,2,6
-3,-2,2,2,6
-4,2,2,2,10
-4,-2,2,2,10
-10,0
10,0
0,-10
0,10

//N
25,4,1500.000000,1500.000000,100,1
4,4,0,2,0
3,3,0,2,0
2,2,0,2,0
1,1,0,2,0
0,0,0,2,0
-1,-1,0,2,0
-2,-2,0,2,0
-3,-3,0,2,0
-4,-4,1,2,0
-4,-3,1,2,5
-4,-2,1,2,5
-4,-1,1,2,5
-4,0,2,2,5
-4,1,2,2,5
-4,2,2,2,5
-4,3,3,2,5
-4,4,3,2,5
4,3,1,2,5
4,2,1,2,5
4,1,1,2,5
4,0,2,2,5
4,-1,2,2,5
4,-2,3,2,5
4,-3,3,2,5
4,-4,3,2,5
-10,0
10,0
0,-10
0,10



//rectangle in-out
25,4,1500.000000,1500.000000,100,1
0,0,0,2,0
1,1,1,2,1
1,0,1,2,1
1,-1,1,2,1
0,1,1,2,1
0,-1,1,2,1
-1,1,1,2,1
-1,0,1,2,1
-1,-1,1,2,1
2,2,2,2,2
2,1,2,2,2
2,0,2,2,2
2,-1,2,2,2
2,-2,2,2,2
-1,2,2,2,2
-0,2,2,2,2
1,2,2,2,2
-1,-2,2,2,2
-0,-2,2,2,2
1,2,-2,2,2
-2,2,2,2,2
-2,1,2,2,2
-2,0,2,2,2
-2,-1,2,2,2
-2,-2,2,2,2
-10,0
10,0
0,-10
0,10


//rectangle scan
25,4,1500.000000,1500.000000,100,1
-2,2,1,2,0
-2,1,2,2,0
-2,0,3,2,0
-2,-1,4,2,0
-2,-2,5,2,0
-1,2,6,2,0
-1,1,7,2,0
-1,0,8,2,0
-1,-1,9,2,0
-1,-2,10,2,0
0,2,11,2,0
0,1,12,2,0
0,0,13,2,0
0,-1,14,2,0
0,-2,15,2,0
1,2,16,2,0
1,1,17,2,0
1,0,18,2,0
1,-1,19,2,0
1,-2,20,2,0
2,2,21,2,0
2,1,22,2,0
2,0,23,2,0
2,-1,24,2,0
2,-2,25,2,0
-10,0
10,0
0,-10
0,10

//rectangle rnd
25,4,1500.000000,1500.000000,100,1
-2,2,22,2,0
-2,1,6,2,0
-2,0,3,2,0
-2,-1,16,2,0
-2,-2,11,2,0
-1,2,7,2,0
-1,1,17,2,0
-1,0,14,2,0
-1,-1,8,2,0
-1,-2,5,2,0
0,2,21,2,0
0,1,25,2,0
0,0,19,2,0
0,-1,15,2,0
0,-2,1,2,0
1,2,23,2,0
1,1,2,2,0
1,0,4,2,0
1,-1,18,2,0
1,-2,24,2,0
2,2,13,2,0
2,1,9,2,0
2,0,20,2,0
2,-1,10,2,0
2,-2,12,2,0
-10,0
10,0
0,-10
0,10
